tensor([[-0.0211,  0.0344,  0.0011,  ..., -0.0212, -0.0557, -0.0933]])
chunks
tensor([[[-0.0211,  0.0344,  0.0011,  ...,  0.1239,  0.1283,  0.1304]],

        [[ 0.0147,  0.0568,  0.1006,  ...,  0.0366,  0.0320,  0.0329]],

        [[-0.0100, -0.0114, -0.0157,  ..., -0.0043,  0.0004, -0.0008]],

        ...,

        [[-0.0010, -0.0013, -0.0017,  ...,  0.0380,  0.0228,  0.0179]],

        [[ 0.0134,  0.0094,  0.0058,  ..., -0.0073, -0.0077, -0.0073]],

        [[ 0.0097,  0.0153,  0.0254,  ..., -0.0289, -0.0384, -0.0357]]])
batch size
32
tensor([[-0.0704,  0.0031,  0.0412,  ..., -0.0446, -0.0076,  0.0519]])
chunks
tensor([[[-7.0374e-02,  3.1433e-03,  4.1229e-02,  ..., -9.2438e-02,
          -7.9041e-02, -1.9531e-02]],

        [[-1.4648e-03, -4.6387e-03, -6.1035e-03,  ..., -2.7771e-03,
          -3.8147e-03,  2.6855e-03]],

        [[-7.5073e-03, -8.1177e-03, -1.0315e-02,  ...,  2.5970e-02,
           1.1108e-02, -6.1035e-05]],

        ...,

        [[ 1.0681e-03, -2.1362e-03, -8.8501e-04,  ...,  2.9297e-03,
           2.0752e-03,  1.6479e-03]],

        [[-4.9744e-03, -3.5706e-03, -3.9978e-03,  ...,  4.7913e-03,
           2.7161e-03,  5.4932e-04]],

        [[-4.8828e-04,  3.3569e-04,  1.8005e-03,  ..., -2.4719e-03,
          -2.0142e-03, -2.7161e-03]]])
batch size
1
tensor([[ 0.0173, -0.0036, -0.0811,  ..., -0.7944, -0.5995, -0.2800]])
chunks
tensor([[[ 1.7334e-02, -3.5706e-03, -8.1055e-02,  ..., -4.9133e-03,
          -4.6082e-03, -4.9438e-03]],

        [[-1.8835e-01, -8.7891e-02,  1.3947e-02,  ..., -1.8939e-01,
          -1.5268e-01, -1.7947e-01]],

        [[ 3.0518e-05, -1.3123e-03, -1.0986e-03,  ...,  6.4392e-03,
           1.3336e-02,  4.3945e-03]],

        ...,

        [[-1.4130e-02, -6.1646e-03, -2.3285e-02,  ..., -1.1261e-02,
          -7.5378e-03, -2.6550e-03]],

        [[-3.6621e-04, -4.7668e-02, -5.3101e-02,  ..., -4.8218e-03,
          -4.5166e-03,  2.3499e-03]],

        [[ 1.1566e-02,  1.7975e-02,  1.9867e-02,  ..., -2.5760e-01,
          -2.1414e-01, -1.8134e-01]]])
batch size
1
tensor([[-0.0649, -0.0448,  0.0050,  ..., -0.0113, -0.0150, -0.0114]])
chunks
tensor([[[-6.4911e-02, -4.4830e-02,  4.9744e-03,  ...,  1.8921e-03,
           3.0518e-05,  7.3242e-04]],

        [[-4.4250e-03,  4.7913e-03,  6.1951e-03,  ...,  1.2817e-02,
          -5.6763e-03, -6.8359e-03]],

        [[ 1.8723e-01,  1.7242e-01,  1.0687e-01,  ..., -2.4963e-02,
          -4.1534e-02,  4.8828e-03]],

        ...,

        [[ 1.3763e-02,  7.5989e-03,  3.2898e-02,  ..., -8.8196e-03,
          -9.1248e-03,  2.1667e-03]],

        [[-1.4008e-02, -5.2795e-03, -6.1035e-04,  ...,  3.6011e-03,
           6.2256e-03,  4.2419e-03]],

        [[-1.3855e-02, -1.0681e-02, -1.0376e-02,  ..., -7.4310e-02,
          -9.3323e-02, -6.5613e-02]]])
batch size
1
